Generation 1

1 1 1 1 1 1 1 1 1 
1 1 1 1 1 1 1 1 1 
1 1 1 1 1 1 1 1 1 
1 1 1 1 1 1 1 1 1 
1 1 1 1 1 1 1 1 1 
1 1 1 1 1 1 1 1 1 
1 1 1 1 1 1 1 1 1 
1 1 1 1 1 1 1 1 1 
1 1 1 1 1 1 1 1 1 

Accuracy: 1/81
-------------------------------------------------------------
Generation 2

1 52 52 52 52 52 52 52 52 
52 52 52 52 52 52 52 52 52 
52 52 52 52 52 52 52 52 52 
52 52 52 52 52 52 52 52 52 
52 52 52 52 52 52 52 52 52 
52 52 52 52 52 52 52 52 52 
52 52 52 52 52 52 52 52 52 
52 52 52 52 52 52 52 52 52 
52 52 52 52 52 52 52 52 52 

Accuracy: 1/81
-------------------------------------------------------------
Generation 3

1 41 41 41 41 41 41 41 41 
41 41 41 41 41 41 41 41 41 
41 41 41 41 41 41 41 41 41 
41 41 41 41 41 41 41 41 41 
41 41 41 41 41 41 41 41 41 
41 41 41 41 41 41 41 41 41 
41 41 41 41 41 41 41 41 41 
41 41 41 41 41 41 41 41 41 
41 41 41 41 41 41 41 41 41 

Accuracy: 1/81
-------------------------------------------------------------
Generation 4

1 45 45 45 45 45 45 45 45 
45 45 45 45 45 45 45 45 45 
45 45 45 45 45 45 45 45 45 
45 45 45 45 45 45 45 45 45 
45 45 45 45 45 45 45 45 45 
45 45 45 45 45 45 45 45 45 
45 45 45 45 45 45 45 45 45 
45 45 45 45 45 45 45 45 45 
45 45 45 45 45 45 45 45 45 

Accuracy: 3/81
-------------------------------------------------------------
Generation 5

1 75 75 75 75 75 75 75 75 
75 75 75 75 75 75 75 75 75 
75 75 75 75 75 75 75 75 75 
75 75 75 75 75 75 75 75 75 
75 75 75 75 75 75 75 75 45 
75 75 75 75 75 75 75 75 75 
75 75 75 75 75 75 75 75 75 
75 75 75 75 75 75 75 75 75 
75 75 75 75 45 75 75 75 75 

Accuracy: 3/81
-------------------------------------------------------------
Generation 6

1 80 80 80 80 80 80 80 80 
80 80 80 80 80 80 80 80 80 
80 80 80 80 80 80 80 80 80 
80 80 80 80 80 80 80 80 80 
80 80 80 80 80 80 80 80 45 
80 80 80 80 80 80 80 80 80 
80 80 80 80 80 80 80 80 80 
80 80 80 80 80 80 80 80 80 
80 80 80 80 45 80 80 80 80 

Accuracy: 3/81
-------------------------------------------------------------
Generation 7

1 64 64 64 64 64 64 64 64 
64 64 64 64 64 64 64 64 64 
64 64 64 64 64 64 64 64 64 
64 64 64 64 64 64 64 64 64 
64 64 64 64 64 64 64 64 45 
64 64 64 64 64 64 64 64 64 
64 64 64 64 64 64 64 64 64 
64 64 64 64 64 64 64 64 64 
64 64 64 64 45 64 64 64 64 

Accuracy: 4/81
-------------------------------------------------------------
Generation 8

1 66 66 66 66 66 66 66 66 
66 66 66 66 66 66 66 66 66 
66 66 66 66 66 66 66 66 66 
66 66 66 66 66 66 66 66 66 
66 66 66 66 66 66 66 66 45 
66 66 66 66 66 66 66 66 66 
66 66 66 66 66 66 66 66 66 
66 66 66 66 66 66 66 64 66 
66 66 66 66 45 66 66 66 66 

Accuracy: 4/81
-------------------------------------------------------------
Generation 9

1 58 58 58 58 58 58 58 58 
58 58 58 58 58 58 58 58 58 
58 58 58 58 58 58 58 58 58 
58 58 58 58 58 58 58 58 58 
58 58 58 58 58 58 58 58 45 
58 58 58 58 58 58 58 58 58 
58 58 58 58 58 58 58 58 58 
58 58 58 58 58 58 58 64 58 
58 58 58 58 45 58 58 58 58 

Accuracy: 4/81
-------------------------------------------------------------
Generation 10

1 16 16 16 16 16 16 16 16 
16 16 16 16 16 16 16 16 16 
16 16 16 16 16 16 16 16 16 
16 16 16 16 16 16 16 16 16 
16 16 16 16 16 16 16 16 45 
16 16 16 16 16 16 16 16 16 
16 16 16 16 16 16 16 16 16 
16 16 16 16 16 16 16 64 16 
16 16 16 16 45 16 16 16 16 

Accuracy: 7/81
-------------------------------------------------------------
Generation 11

1 20 20 20 20 20 20 20 20 
20 20 20 20 20 20 20 16 20 
20 20 20 20 20 20 20 20 20 
20 20 20 16 20 20 20 20 20 
20 20 20 20 20 20 20 20 45 
20 20 20 20 20 20 20 20 20 
20 20 20 20 20 20 20 20 20 
20 16 20 20 20 20 20 64 20 
20 20 20 20 45 20 20 20 20 

Accuracy: 9/81
-------------------------------------------------------------
Generation 12

1 5 5 5 5 5 5 5 5 
5 5 5 5 5 5 5 16 5 
5 5 5 5 5 5 5 5 5 
5 5 5 16 20 5 5 5 5 
5 5 5 20 5 5 5 5 45 
5 5 5 5 5 5 5 5 5 
5 5 5 5 5 5 5 5 5 
5 16 5 5 5 5 5 64 5 
5 5 5 5 45 5 5 5 5 

Accuracy: 11/81
-------------------------------------------------------------
Generation 13

1 73 73 73 5 73 73 73 73 
73 73 73 73 73 73 73 16 73 
73 73 73 73 73 73 73 73 73 
73 73 73 16 20 73 73 73 73 
5 73 73 20 73 73 73 73 45 
73 73 73 73 73 73 73 73 73 
73 73 73 73 73 73 73 73 73 
73 16 73 73 73 73 73 64 73 
73 73 73 73 45 73 73 73 73 

Accuracy: 11/81
-------------------------------------------------------------
Generation 14

1 44 44 44 5 44 44 44 44 
44 44 44 44 44 44 44 16 44 
44 44 44 44 44 44 44 44 44 
44 44 44 16 20 44 44 44 44 
5 44 44 20 44 44 44 44 45 
44 44 44 44 44 44 44 44 44 
44 44 44 44 44 44 44 44 44 
44 16 44 44 44 44 44 64 44 
44 44 44 44 45 44 44 44 44 

Accuracy: 11/81
-------------------------------------------------------------
Generation 15

1 42 42 42 5 42 42 42 42 
42 42 42 42 42 42 42 16 42 
42 42 42 42 42 42 42 42 42 
42 42 42 16 20 42 42 42 42 
5 42 42 20 42 42 42 42 45 
42 42 42 42 42 42 42 42 42 
42 42 42 42 42 42 42 42 42 
42 16 42 42 42 42 42 64 42 
42 42 42 42 45 42 42 42 42 

Accuracy: 13/81
-------------------------------------------------------------
Generation 16

1 17 17 17 5 17 17 17 17 
17 17 17 17 17 17 17 16 17 
17 17 17 17 17 17 17 17 17 
17 17 17 16 20 17 17 17 17 
5 17 17 20 17 17 17 17 45 
17 17 17 17 17 17 42 17 17 
17 17 17 17 17 42 17 17 17 
17 16 17 17 17 17 17 64 17 
17 17 17 17 45 17 17 17 17 

Accuracy: 13/81
-------------------------------------------------------------
Generation 17

1 69 69 69 5 69 69 69 69 
69 69 69 69 69 69 69 16 69 
69 69 69 69 69 69 69 69 69 
69 69 69 16 20 69 69 69 69 
5 69 69 20 69 69 69 69 45 
69 69 69 69 69 69 42 69 69 
69 69 69 69 69 42 69 69 69 
69 16 69 69 69 69 69 64 69 
69 69 69 69 45 69 69 69 69 

Accuracy: 13/81
-------------------------------------------------------------
Generation 18

1 50 50 50 5 50 50 50 50 
50 50 50 50 50 50 50 16 50 
50 50 50 50 50 50 50 50 50 
50 50 50 16 20 50 50 50 50 
5 50 50 20 50 50 50 50 45 
50 50 50 50 50 50 42 50 50 
50 50 50 50 50 42 50 50 50 
50 16 50 50 50 50 50 64 50 
50 50 50 50 45 50 50 50 50 

Accuracy: 13/81
-------------------------------------------------------------
Generation 19

1 77 77 77 5 77 77 77 77 
77 77 77 77 77 77 77 16 77 
77 77 77 77 77 77 77 77 77 
77 77 77 16 20 77 77 77 77 
5 77 77 20 77 77 77 77 45 
77 77 77 77 77 77 42 77 77 
77 77 77 77 77 42 77 77 77 
77 16 77 77 77 77 77 64 77 
77 77 77 77 45 77 77 77 77 

Accuracy: 13/81
-------------------------------------------------------------
Generation 20

1 37 37 37 5 37 37 37 37 
37 37 37 37 37 37 37 16 37 
37 37 37 37 37 37 37 37 37 
37 37 37 16 20 37 37 37 37 
5 37 37 20 37 37 37 37 45 
37 37 37 37 37 37 42 37 37 
37 37 37 37 37 42 37 37 37 
37 16 37 37 37 37 37 64 37 
37 37 37 37 45 37 37 37 37 

Accuracy: 13/81
-------------------------------------------------------------
Generation 21

1 18 18 18 5 18 18 18 18 
18 18 18 18 18 18 18 16 18 
18 18 18 18 18 18 18 18 18 
18 18 18 16 20 18 18 18 18 
5 18 18 20 18 18 18 18 45 
18 18 18 18 18 18 42 18 18 
18 18 18 18 18 42 18 18 18 
18 16 18 18 18 18 18 64 18 
18 18 18 18 45 18 18 18 18 

Accuracy: 17/81
-------------------------------------------------------------
Generation 22

1 56 56 56 5 56 56 56 56 
56 56 56 56 56 56 56 16 18 
56 56 56 56 56 18 56 56 56 
56 56 56 16 20 56 56 56 56 
5 56 56 20 56 56 56 56 45 
56 56 18 56 56 56 42 56 56 
56 56 56 56 56 42 56 56 56 
56 16 56 56 56 56 56 64 56 
56 18 56 56 45 56 56 56 56 

Accuracy: 19/81
-------------------------------------------------------------
Generation 23

1 12 12 12 5 12 12 12 12 
12 12 12 12 12 12 12 16 18 
12 12 12 12 12 18 12 12 12 
12 12 12 16 20 12 12 12 12 
5 12 12 20 12 12 12 12 45 
12 12 18 12 12 12 42 12 12 
12 12 12 12 12 42 12 56 12 
12 16 12 12 12 12 56 64 12 
12 18 12 12 45 12 12 12 12 

Accuracy: 23/81
-------------------------------------------------------------
Generation 24

1 43 43 43 5 43 43 43 43 
43 43 43 43 43 12 43 16 18 
43 43 43 12 43 18 43 43 43 
43 43 12 16 20 43 43 43 43 
5 43 43 20 43 43 43 43 45 
43 12 18 43 43 43 42 43 43 
43 43 43 43 43 42 43 56 43 
43 16 43 43 43 43 56 64 43 
43 18 43 43 45 43 43 43 43 

Accuracy: 23/81
-------------------------------------------------------------
Generation 25

1 36 36 36 5 36 36 36 36 
36 36 36 36 36 12 36 16 18 
36 36 36 12 36 18 36 36 36 
36 36 12 16 20 36 36 36 36 
5 36 36 20 36 36 36 36 45 
36 12 18 36 36 36 42 36 36 
36 36 36 36 36 42 36 56 36 
36 16 36 36 36 36 56 64 36 
36 18 36 36 45 36 36 36 36 

Accuracy: 26/81
-------------------------------------------------------------
Generation 26

1 53 53 53 5 53 53 53 53 
53 53 53 53 53 12 53 16 18 
53 53 53 12 53 18 53 53 53 
53 53 12 16 20 53 53 53 36 
5 53 53 20 53 53 53 53 45 
53 12 18 53 53 36 42 53 53 
53 53 53 53 53 42 53 56 53 
53 16 53 53 53 53 56 64 53 
53 18 53 36 45 53 53 53 53 

Accuracy: 26/81
-------------------------------------------------------------
Generation 27

1 31 31 31 5 31 31 31 31 
31 31 31 31 31 12 31 16 18 
31 31 31 12 31 18 31 31 31 
31 31 12 16 20 31 31 31 36 
5 31 31 20 31 31 31 31 45 
31 12 18 31 31 36 42 31 31 
31 31 31 31 31 42 31 56 31 
31 16 31 31 31 31 56 64 31 
31 18 31 36 45 31 31 31 31 

Accuracy: 26/81
-------------------------------------------------------------
Generation 28

1 15 15 15 5 15 15 15 15 
15 15 15 15 15 12 15 16 18 
15 15 15 12 15 18 15 15 15 
15 15 12 16 20 15 15 15 36 
5 15 15 20 15 15 15 15 45 
15 12 18 15 15 36 42 15 15 
15 15 15 15 15 42 15 56 15 
15 16 15 15 15 15 56 64 15 
15 18 15 36 45 15 15 15 15 

Accuracy: 28/81
-------------------------------------------------------------
Generation 29

1 29 29 29 5 29 29 29 29 
29 29 29 29 29 12 29 16 18 
29 29 29 12 15 18 29 29 29 
29 29 12 16 20 29 29 29 36 
5 29 15 20 29 29 29 29 45 
29 12 18 29 29 36 42 29 29 
29 29 29 29 29 42 29 56 29 
29 16 29 29 29 29 56 64 29 
29 18 29 36 45 29 29 29 29 

Accuracy: 28/81
-------------------------------------------------------------
Generation 30

1 11 11 11 5 11 11 11 11 
11 11 11 11 11 12 11 16 18 
11 11 11 12 15 18 11 11 11 
11 11 12 16 20 11 11 11 36 
5 11 15 20 11 11 11 11 45 
11 12 18 11 11 36 42 11 11 
11 11 11 11 11 42 11 56 11 
11 16 11 11 11 11 56 64 11 
11 18 11 36 45 11 11 11 11 

Accuracy: 28/81
-------------------------------------------------------------
Generation 31

1 9 9 9 5 9 9 9 9 
9 9 9 9 9 12 9 16 18 
9 9 9 12 15 18 9 9 9 
9 9 12 16 20 9 9 9 36 
5 9 15 20 9 9 9 9 45 
9 12 18 9 9 36 42 9 9 
9 9 9 9 9 42 9 56 9 
9 16 9 9 9 9 56 64 9 
9 18 9 36 45 9 9 9 9 

Accuracy: 31/81
-------------------------------------------------------------
Generation 32

1 40 40 40 5 40 40 40 9 
40 40 40 40 40 12 40 16 18 
40 40 9 12 15 18 40 40 40 
40 40 12 16 20 40 40 40 36 
5 40 15 20 40 40 40 40 45 
40 12 18 40 40 36 42 40 40 
40 40 40 40 40 42 40 56 40 
40 16 40 40 40 40 56 64 40 
9 18 40 36 45 40 40 40 40 

Accuracy: 33/81
-------------------------------------------------------------
Generation 33

1 72 72 72 5 72 72 72 9 
72 72 72 72 72 12 72 16 18 
72 72 9 12 15 18 72 72 72 
72 72 12 16 20 72 72 72 36 
5 72 15 20 72 72 72 40 45 
72 12 18 72 72 36 42 72 72 
72 72 72 72 72 42 72 56 72 
72 16 72 72 40 72 56 64 72 
9 18 72 36 45 72 72 72 72 

Accuracy: 35/81
-------------------------------------------------------------
Generation 34

1 19 19 19 5 19 19 19 9 
19 19 19 19 19 12 19 16 18 
19 19 9 12 15 18 19 19 19 
19 19 12 16 20 19 19 19 36 
5 19 15 20 19 19 19 40 45 
19 12 18 19 19 36 42 19 19 
19 19 19 19 19 42 19 56 19 
19 16 19 19 40 19 56 64 72 
9 18 19 36 45 19 19 72 19 

Accuracy: 35/81
-------------------------------------------------------------
Generation 35

1 63 63 63 5 63 63 63 9 
63 63 63 63 63 12 63 16 18 
63 63 9 12 15 18 63 63 63 
63 63 12 16 20 63 63 63 36 
5 63 15 20 63 63 63 40 45 
63 12 18 63 63 36 42 63 63 
63 63 63 63 63 42 63 56 63 
63 16 63 63 40 63 56 64 72 
9 18 63 36 45 63 63 72 63 

Accuracy: 37/81
-------------------------------------------------------------
Generation 36

1 23 23 23 5 23 23 23 9 
23 23 23 23 23 12 23 16 18 
23 23 9 12 15 18 23 23 23 
23 23 12 16 20 23 23 23 36 
5 23 15 20 23 23 23 40 45 
23 12 18 23 23 36 42 23 23 
23 23 23 23 23 42 23 56 63 
23 16 23 23 40 23 56 64 72 
9 18 23 36 45 23 63 72 23 

Accuracy: 37/81
-------------------------------------------------------------
Generation 37

1 6 6 6 5 6 6 6 9 
6 6 6 6 6 12 6 16 18 
6 6 9 12 15 18 6 6 6 
6 6 12 16 20 6 6 6 36 
5 6 15 20 6 6 6 40 45 
6 12 18 6 6 36 42 6 6 
6 6 6 6 6 42 6 56 63 
6 16 6 6 40 6 56 64 72 
9 18 6 36 45 6 63 72 6 

Accuracy: 41/81
-------------------------------------------------------------
Generation 38

1 79 79 79 5 6 79 79 9 
79 79 6 79 79 12 79 16 18 
79 6 9 12 15 18 79 79 79 
79 79 12 16 20 79 79 79 36 
5 79 15 20 79 79 79 40 45 
6 12 18 79 79 36 42 79 79 
79 79 79 79 79 42 79 56 63 
79 16 79 79 40 79 56 64 72 
9 18 79 36 45 79 63 72 79 

Accuracy: 41/81
-------------------------------------------------------------
Generation 39

1 51 51 51 5 6 51 51 9 
51 51 6 51 51 12 51 16 18 
51 6 9 12 15 18 51 51 51 
51 51 12 16 20 51 51 51 36 
5 51 15 20 51 51 51 40 45 
6 12 18 51 51 36 42 51 51 
51 51 51 51 51 42 51 56 63 
51 16 51 51 40 51 56 64 72 
9 18 51 36 45 51 63 72 51 

Accuracy: 41/81
-------------------------------------------------------------
Generation 40

1 78 78 78 5 6 78 78 9 
78 78 6 78 78 12 78 16 18 
78 6 9 12 15 18 78 78 78 
78 78 12 16 20 78 78 78 36 
5 78 15 20 78 78 78 40 45 
6 12 18 78 78 36 42 78 78 
78 78 78 78 78 42 78 56 63 
78 16 78 78 40 78 56 64 72 
9 18 78 36 45 78 63 72 78 

Accuracy: 41/81
-------------------------------------------------------------
Generation 41

1 70 70 70 5 6 70 70 9 
70 70 6 70 70 12 70 16 18 
70 6 9 12 15 18 70 70 70 
70 70 12 16 20 70 70 70 36 
5 70 15 20 70 70 70 40 45 
6 12 18 70 70 36 42 70 70 
70 70 70 70 70 42 70 56 63 
70 16 70 70 40 70 56 64 72 
9 18 70 36 45 70 63 72 70 

Accuracy: 41/81
-------------------------------------------------------------
Generation 42

1 7 7 7 5 6 7 7 9 
7 7 6 7 7 12 7 16 18 
7 6 9 12 15 18 7 7 7 
7 7 12 16 20 7 7 7 36 
5 7 15 20 7 7 7 40 45 
6 12 18 7 7 36 42 7 7 
7 7 7 7 7 42 7 56 63 
7 16 7 7 40 7 56 64 72 
9 18 7 36 45 7 63 72 7 

Accuracy: 43/81
-------------------------------------------------------------
Generation 43

1 8 8 8 5 6 7 8 9 
8 8 6 8 8 12 8 16 18 
8 6 9 12 15 18 8 8 8 
8 8 12 16 20 8 8 8 36 
5 8 15 20 8 8 8 40 45 
6 12 18 8 8 36 42 8 8 
7 8 8 8 8 42 8 56 63 
8 16 8 8 40 8 56 64 72 
9 18 8 36 45 8 63 72 8 

Accuracy: 47/81
-------------------------------------------------------------
Generation 44

1 34 34 34 5 6 7 8 9 
34 34 6 8 34 12 34 16 18 
34 6 9 12 15 18 34 34 34 
34 8 12 16 20 34 34 34 36 
5 34 15 20 34 34 34 40 45 
6 12 18 34 34 36 42 34 34 
7 34 34 34 34 42 34 56 63 
8 16 34 34 40 34 56 64 72 
9 18 34 36 45 34 63 72 34 

Accuracy: 47/81
-------------------------------------------------------------
Generation 45

1 35 35 35 5 6 7 8 9 
35 35 6 8 35 12 35 16 18 
35 6 9 12 15 18 35 35 35 
35 8 12 16 20 35 35 35 36 
5 35 15 20 35 35 35 40 45 
6 12 18 35 35 36 42 35 35 
7 35 35 35 35 42 35 56 63 
8 16 35 35 40 35 56 64 72 
9 18 35 36 45 35 63 72 35 

Accuracy: 49/81
-------------------------------------------------------------
Generation 46

1 24 24 24 5 6 7 8 9 
24 24 6 8 24 12 24 16 18 
24 6 9 12 15 18 24 24 24 
24 8 12 16 20 24 24 24 36 
5 24 15 20 24 24 35 40 45 
6 12 18 24 24 36 42 24 24 
7 24 24 24 35 42 24 56 63 
8 16 24 24 40 24 56 64 72 
9 18 24 36 45 24 63 72 24 

Accuracy: 53/81
-------------------------------------------------------------
Generation 47

1 30 30 30 5 6 7 8 9 
30 30 6 8 30 12 30 16 18 
30 6 9 12 15 18 30 24 30 
30 8 12 16 20 24 30 30 36 
5 30 15 20 30 30 35 40 45 
6 12 18 24 30 36 42 30 30 
7 30 30 30 35 42 30 56 63 
8 16 24 30 40 30 56 64 72 
9 18 30 36 45 30 63 72 30 

Accuracy: 55/81
-------------------------------------------------------------
Generation 48

1 55 55 55 5 6 7 8 9 
55 55 6 8 55 12 55 16 18 
55 6 9 12 15 18 55 24 55 
55 8 12 16 20 24 55 55 36 
5 55 15 20 55 30 35 40 45 
6 12 18 24 30 36 42 55 55 
7 55 55 55 35 42 55 56 63 
8 16 24 55 40 55 56 64 72 
9 18 55 36 45 55 63 72 55 

Accuracy: 55/81
-------------------------------------------------------------
Generation 49

1 13 13 13 5 6 7 8 9 
13 13 6 8 13 12 13 16 18 
13 6 9 12 15 18 13 24 13 
13 8 12 16 20 24 13 13 36 
5 13 15 20 13 30 35 40 45 
6 12 18 24 30 36 42 13 13 
7 13 13 13 35 42 13 56 63 
8 16 24 13 40 13 56 64 72 
9 18 13 36 45 13 63 72 13 

Accuracy: 55/81
-------------------------------------------------------------
Generation 50

1 25 25 25 5 6 7 8 9 
25 25 6 8 25 12 25 16 18 
25 6 9 12 15 18 25 24 25 
25 8 12 16 20 24 25 25 36 
5 25 15 20 25 30 35 40 45 
6 12 18 24 30 36 42 25 25 
7 25 25 25 35 42 25 56 63 
8 16 24 25 40 25 56 64 72 
9 18 25 36 45 25 63 72 25 

Accuracy: 56/81
-------------------------------------------------------------
Generation 51

1 3 3 3 5 6 7 8 9 
3 3 6 8 3 12 3 16 18 
3 6 9 12 15 18 3 24 3 
3 8 12 16 20 24 3 3 36 
5 3 15 20 25 30 35 40 45 
6 12 18 24 30 36 42 3 3 
7 3 3 3 35 42 3 56 63 
8 16 24 3 40 3 56 64 72 
9 18 3 36 45 3 63 72 3 

Accuracy: 58/81
-------------------------------------------------------------
Generation 52

1 28 3 28 5 6 7 8 9 
28 28 6 8 28 12 28 16 18 
3 6 9 12 15 18 28 24 28 
28 8 12 16 20 24 28 28 36 
5 28 15 20 25 30 35 40 45 
6 12 18 24 30 36 42 28 28 
7 28 28 28 35 42 28 56 63 
8 16 24 28 40 28 56 64 72 
9 18 28 36 45 28 63 72 28 

Accuracy: 60/81
-------------------------------------------------------------
Generation 53

1 57 3 57 5 6 7 8 9 
57 57 6 8 57 12 57 16 18 
3 6 9 12 15 18 57 24 57 
57 8 12 16 20 24 28 57 36 
5 57 15 20 25 30 35 40 45 
6 12 18 24 30 36 42 57 57 
7 57 57 28 35 42 57 56 63 
8 16 24 57 40 57 56 64 72 
9 18 57 36 45 57 63 72 57 

Accuracy: 60/81
-------------------------------------------------------------
Generation 54

1 38 3 38 5 6 7 8 9 
38 38 6 8 38 12 38 16 18 
3 6 9 12 15 18 38 24 38 
38 8 12 16 20 24 28 38 36 
5 38 15 20 25 30 35 40 45 
6 12 18 24 30 36 42 38 38 
7 38 38 28 35 42 38 56 63 
8 16 24 38 40 38 56 64 72 
9 18 38 36 45 38 63 72 38 

Accuracy: 60/81
-------------------------------------------------------------
Generation 55

1 47 3 47 5 6 7 8 9 
47 47 6 8 47 12 47 16 18 
3 6 9 12 15 18 47 24 47 
47 8 12 16 20 24 28 47 36 
5 47 15 20 25 30 35 40 45 
6 12 18 24 30 36 42 47 47 
7 47 47 28 35 42 47 56 63 
8 16 24 47 40 47 56 64 72 
9 18 47 36 45 47 63 72 47 

Accuracy: 60/81
-------------------------------------------------------------
Generation 56

1 65 3 65 5 6 7 8 9 
65 65 6 8 65 12 65 16 18 
3 6 9 12 15 18 65 24 65 
65 8 12 16 20 24 28 65 36 
5 65 15 20 25 30 35 40 45 
6 12 18 24 30 36 42 65 65 
7 65 65 28 35 42 65 56 63 
8 16 24 65 40 65 56 64 72 
9 18 65 36 45 65 63 72 65 

Accuracy: 60/81
-------------------------------------------------------------
Generation 57

1 46 3 46 5 6 7 8 9 
46 46 6 8 46 12 46 16 18 
3 6 9 12 15 18 46 24 46 
46 8 12 16 20 24 28 46 36 
5 46 15 20 25 30 35 40 45 
6 12 18 24 30 36 42 46 46 
7 46 46 28 35 42 46 56 63 
8 16 24 46 40 46 56 64 72 
9 18 46 36 45 46 63 72 46 

Accuracy: 60/81
-------------------------------------------------------------
Generation 58

1 68 3 68 5 6 7 8 9 
68 68 6 8 68 12 68 16 18 
3 6 9 12 15 18 68 24 68 
68 8 12 16 20 24 28 68 36 
5 68 15 20 25 30 35 40 45 
6 12 18 24 30 36 42 68 68 
7 68 68 28 35 42 68 56 63 
8 16 24 68 40 68 56 64 72 
9 18 68 36 45 68 63 72 68 

Accuracy: 60/81
-------------------------------------------------------------
Generation 59

1 48 3 48 5 6 7 8 9 
48 48 6 8 48 12 48 16 18 
3 6 9 12 15 18 48 24 48 
48 8 12 16 20 24 28 48 36 
5 48 15 20 25 30 35 40 45 
6 12 18 24 30 36 42 48 48 
7 48 48 28 35 42 48 56 63 
8 16 24 48 40 48 56 64 72 
9 18 48 36 45 48 63 72 48 

Accuracy: 62/81
-------------------------------------------------------------
Generation 60

1 49 3 49 5 6 7 8 9 
49 49 6 8 49 12 49 16 18 
3 6 9 12 15 18 49 24 49 
49 8 12 16 20 24 28 49 36 
5 49 15 20 25 30 35 40 45 
6 12 18 24 30 36 42 48 49 
7 49 49 28 35 42 49 56 63 
8 16 24 49 40 48 56 64 72 
9 18 49 36 45 49 63 72 49 

Accuracy: 63/81
-------------------------------------------------------------
Generation 61

1 59 3 59 5 6 7 8 9 
59 59 6 8 59 12 59 16 18 
3 6 9 12 15 18 59 24 59 
59 8 12 16 20 24 28 59 36 
5 59 15 20 25 30 35 40 45 
6 12 18 24 30 36 42 48 59 
7 59 59 28 35 42 49 56 63 
8 16 24 59 40 48 56 64 72 
9 18 59 36 45 59 63 72 59 

Accuracy: 63/81
-------------------------------------------------------------
Generation 62

1 14 3 14 5 6 7 8 9 
14 14 6 8 14 12 14 16 18 
3 6 9 12 15 18 14 24 14 
14 8 12 16 20 24 28 14 36 
5 14 15 20 25 30 35 40 45 
6 12 18 24 30 36 42 48 14 
7 14 14 28 35 42 49 56 63 
8 16 24 14 40 48 56 64 72 
9 18 14 36 45 14 63 72 14 

Accuracy: 65/81
-------------------------------------------------------------
Generation 63

1 71 3 71 5 6 7 8 9 
71 71 6 8 71 12 14 16 18 
3 6 9 12 15 18 71 24 71 
71 8 12 16 20 24 28 71 36 
5 71 15 20 25 30 35 40 45 
6 12 18 24 30 36 42 48 71 
7 14 71 28 35 42 49 56 63 
8 16 24 71 40 48 56 64 72 
9 18 71 36 45 71 63 72 71 

Accuracy: 65/81
-------------------------------------------------------------
Generation 64

1 22 3 22 5 6 7 8 9 
22 22 6 8 22 12 14 16 18 
3 6 9 12 15 18 22 24 22 
22 8 12 16 20 24 28 22 36 
5 22 15 20 25 30 35 40 45 
6 12 18 24 30 36 42 48 22 
7 14 22 28 35 42 49 56 63 
8 16 24 22 40 48 56 64 72 
9 18 22 36 45 22 63 72 22 

Accuracy: 65/81
-------------------------------------------------------------
Generation 65

1 33 3 33 5 6 7 8 9 
33 33 6 8 33 12 14 16 18 
3 6 9 12 15 18 33 24 33 
33 8 12 16 20 24 28 33 36 
5 33 15 20 25 30 35 40 45 
6 12 18 24 30 36 42 48 33 
7 14 33 28 35 42 49 56 63 
8 16 24 33 40 48 56 64 72 
9 18 33 36 45 33 63 72 33 

Accuracy: 65/81
-------------------------------------------------------------
Generation 66

1 10 3 10 5 6 7 8 9 
10 10 6 8 10 12 14 16 18 
3 6 9 12 15 18 10 24 10 
10 8 12 16 20 24 28 10 36 
5 10 15 20 25 30 35 40 45 
6 12 18 24 30 36 42 48 10 
7 14 10 28 35 42 49 56 63 
8 16 24 10 40 48 56 64 72 
9 18 10 36 45 10 63 72 10 

Accuracy: 67/81
-------------------------------------------------------------
Generation 67

1 21 3 21 5 6 7 8 9 
21 21 6 8 10 12 14 16 18 
3 6 9 12 15 18 21 24 21 
21 8 12 16 20 24 28 21 36 
5 10 15 20 25 30 35 40 45 
6 12 18 24 30 36 42 48 21 
7 14 21 28 35 42 49 56 63 
8 16 24 21 40 48 56 64 72 
9 18 21 36 45 21 63 72 21 

Accuracy: 69/81
-------------------------------------------------------------
Generation 68

1 4 3 4 5 6 7 8 9 
4 4 6 8 10 12 14 16 18 
3 6 9 12 15 18 21 24 4 
4 8 12 16 20 24 28 4 36 
5 10 15 20 25 30 35 40 45 
6 12 18 24 30 36 42 48 4 
7 14 21 28 35 42 49 56 63 
8 16 24 4 40 48 56 64 72 
9 18 4 36 45 4 63 72 4 

Accuracy: 72/81
-------------------------------------------------------------
Generation 69

1 67 3 4 5 6 7 8 9 
67 4 6 8 10 12 14 16 18 
3 6 9 12 15 18 21 24 67 
4 8 12 16 20 24 28 67 36 
5 10 15 20 25 30 35 40 45 
6 12 18 24 30 36 42 48 67 
7 14 21 28 35 42 49 56 63 
8 16 24 67 40 48 56 64 72 
9 18 67 36 45 67 63 72 67 

Accuracy: 72/81
-------------------------------------------------------------
Generation 70

1 81 3 4 5 6 7 8 9 
81 4 6 8 10 12 14 16 18 
3 6 9 12 15 18 21 24 81 
4 8 12 16 20 24 28 81 36 
5 10 15 20 25 30 35 40 45 
6 12 18 24 30 36 42 48 81 
7 14 21 28 35 42 49 56 63 
8 16 24 81 40 48 56 64 72 
9 18 81 36 45 81 63 72 81 

Accuracy: 73/81
-------------------------------------------------------------
Generation 71

1 39 3 4 5 6 7 8 9 
39 4 6 8 10 12 14 16 18 
3 6 9 12 15 18 21 24 39 
4 8 12 16 20 24 28 39 36 
5 10 15 20 25 30 35 40 45 
6 12 18 24 30 36 42 48 39 
7 14 21 28 35 42 49 56 63 
8 16 24 39 40 48 56 64 72 
9 18 39 36 45 39 63 72 81 

Accuracy: 73/81
-------------------------------------------------------------
Generation 72

1 61 3 4 5 6 7 8 9 
61 4 6 8 10 12 14 16 18 
3 6 9 12 15 18 21 24 61 
4 8 12 16 20 24 28 61 36 
5 10 15 20 25 30 35 40 45 
6 12 18 24 30 36 42 48 61 
7 14 21 28 35 42 49 56 63 
8 16 24 61 40 48 56 64 72 
9 18 61 36 45 61 63 72 81 

Accuracy: 73/81
-------------------------------------------------------------
Generation 73

1 60 3 4 5 6 7 8 9 
60 4 6 8 10 12 14 16 18 
3 6 9 12 15 18 21 24 60 
4 8 12 16 20 24 28 60 36 
5 10 15 20 25 30 35 40 45 
6 12 18 24 30 36 42 48 60 
7 14 21 28 35 42 49 56 63 
8 16 24 60 40 48 56 64 72 
9 18 60 36 45 60 63 72 81 

Accuracy: 73/81
-------------------------------------------------------------
Generation 74

1 2 3 4 5 6 7 8 9 
2 4 6 8 10 12 14 16 18 
3 6 9 12 15 18 21 24 2 
4 8 12 16 20 24 28 2 36 
5 10 15 20 25 30 35 40 45 
6 12 18 24 30 36 42 48 2 
7 14 21 28 35 42 49 56 63 
8 16 24 2 40 48 56 64 72 
9 18 2 36 45 2 63 72 81 

Accuracy: 75/81
-------------------------------------------------------------
Generation 75

1 2 3 4 5 6 7 8 9 
2 4 6 8 10 12 14 16 18 
3 6 9 12 15 18 21 24 32 
4 8 12 16 20 24 28 32 36 
5 10 15 20 25 30 35 40 45 
6 12 18 24 30 36 42 48 32 
7 14 21 28 35 42 49 56 63 
8 16 24 32 40 48 56 64 72 
9 18 32 36 45 32 63 72 81 

Accuracy: 77/81
-------------------------------------------------------------
Generation 76

1 2 3 4 5 6 7 8 9 
2 4 6 8 10 12 14 16 18 
3 6 9 12 15 18 21 24 76 
4 8 12 16 20 24 28 32 36 
5 10 15 20 25 30 35 40 45 
6 12 18 24 30 36 42 48 76 
7 14 21 28 35 42 49 56 63 
8 16 24 32 40 48 56 64 72 
9 18 76 36 45 76 63 72 81 

Accuracy: 77/81
-------------------------------------------------------------
Generation 77

1 2 3 4 5 6 7 8 9 
2 4 6 8 10 12 14 16 18 
3 6 9 12 15 18 21 24 74 
4 8 12 16 20 24 28 32 36 
5 10 15 20 25 30 35 40 45 
6 12 18 24 30 36 42 48 74 
7 14 21 28 35 42 49 56 63 
8 16 24 32 40 48 56 64 72 
9 18 74 36 45 74 63 72 81 

Accuracy: 77/81
-------------------------------------------------------------
Generation 78

1 2 3 4 5 6 7 8 9 
2 4 6 8 10 12 14 16 18 
3 6 9 12 15 18 21 24 26 
4 8 12 16 20 24 28 32 36 
5 10 15 20 25 30 35 40 45 
6 12 18 24 30 36 42 48 26 
7 14 21 28 35 42 49 56 63 
8 16 24 32 40 48 56 64 72 
9 18 26 36 45 26 63 72 81 

Accuracy: 77/81
-------------------------------------------------------------
Generation 79

1 2 3 4 5 6 7 8 9 
2 4 6 8 10 12 14 16 18 
3 6 9 12 15 18 21 24 27 
4 8 12 16 20 24 28 32 36 
5 10 15 20 25 30 35 40 45 
6 12 18 24 30 36 42 48 27 
7 14 21 28 35 42 49 56 63 
8 16 24 32 40 48 56 64 72 
9 18 27 36 45 27 63 72 81 

Accuracy: 79/81
-------------------------------------------------------------
Generation 80

1 2 3 4 5 6 7 8 9 
2 4 6 8 10 12 14 16 18 
3 6 9 12 15 18 21 24 27 
4 8 12 16 20 24 28 32 36 
5 10 15 20 25 30 35 40 45 
6 12 18 24 30 36 42 48 62 
7 14 21 28 35 42 49 56 63 
8 16 24 32 40 48 56 64 72 
9 18 27 36 45 62 63 72 81 

Accuracy: 79/81
-------------------------------------------------------------
Generation 81

1 2 3 4 5 6 7 8 9 
2 4 6 8 10 12 14 16 18 
3 6 9 12 15 18 21 24 27 
4 8 12 16 20 24 28 32 36 
5 10 15 20 25 30 35 40 45 
6 12 18 24 30 36 42 48 54 
7 14 21 28 35 42 49 56 63 
8 16 24 32 40 48 56 64 72 
9 18 27 36 45 54 63 72 81 

Learning finished
